943001
5198010
8703798
2231369
7623538
1245909
495117
6688879
7732010
3806626
6391055
9646233
9431341
6276632
1073379
2898738
5941429
2674273
1482414
321042
8234780
4514024
7683237
6673628
8425795
1283892
1497252
6502513
179895
6077662
6883111
1122896
3792024
5586909
3354265
1415563
9349170
6365734
620794
9597533
2688712
9528202
9243766
4636405
8321186
2833497
51496
4262615
5507770
1533910
7100009
6258902
6047934
7299598
5448882
6990082
1099842
9462486
3492595
1279737
8056500
2892058
4918985
4364876
8478967
789602
8296791
344490
7155336
8917586
9942023
2360401
962140
1702141
6996806
9283326
4535638
7048302
6062293
2559760
8582212
5678655
8818662
7146499
2978253
6783896
4136581
4078096
6246382
145528
7874185
4302882
3037587
2793171
1184110
4032906
3582773
9480902
4377396
738110
914840
4319419
3098511
1876980
6021560
2611669
3676658
557198
9659972
2255303
5633310
758536
7933958
4451972
7905035
912212
1235868
4557968
7506660
9998602
7219849
5380845
6817836
257436
8174016
8001947
4290342
1756790
7482849
1184091
5011252
8397689
5503510
626115
2791021
4041423
3237784
6467679
7114973
5414108
1239334
2748284
6172645
9173293
9716608
6594032
2601857
952477
3668353
108517
3467431
888202
5489362
285268
1145638
6179731
8287215
7952332
7936521
8286416
9136423
5464125
6684105
7156286
6090240
1991478
3714061
1844376
975509
829034
7258485
2214843
6093670
5947482
1388136
5810279
2541514
3989993
9279108
6209867
4098510
2746539
9614421
2104225
5548159
3276411
800308
3835374
1228744
1253181
2121790
2881519
6717306
1322247
2554157
5323898
3313725
6268218
7168274
4289234
9613605
6943111
9020430
8223627
2890593
408566
6550258
7948460
6914912
5829366
6674679
3529774
1092258
6289101
5633999
6640417
9565512
8950659
2992144
3310608
203840
7630286
8708480
6921146
8952534
1262637
2245044
4782611
47208
1929671
1588198
2177165
1389134
608628
400792
6796080
3533546
6951051
4744540
448458
5296769
3935571
3978233
8905379
224672
2128584
5545797
2306537
1079244
1054293
8133497
1283084
8684579
6841977
720583
153465
620967
5481979
7452429
668175
9928002
1556979
2845340
1317137
4681959
5762484
8113217
8215505
2713535
5374109
1180316
526657
9309680
7674901
9432036
2050705
9803485
7494185
4357242
3399081
8548478
2490739
7198518
9749410
1849069
435453
2419227
2470036
5917432
9871656
5654563
8361787
1428635
1016255
2195276
8626946
6778739
308493
6842452
2008627
8198954
539120
2535284
7508634
8214021
1967320
9559339
533858
1977858
6432933
3932940
526336
1440025
3647810
2792098
3289094
4083263
5211326
8275482
2517047
7599334
6446397
878834
1544322
9979004
3074110
171268
9274095
5898955
9530072
1282722
6614261
69192
6334358
4122896
8283213
818031
6198587
1333424
2795889
5147873
5266364
5838577
6587898
1430526
8630676
2393344
8030141
3842002
3185178
547188
3957688
9631575
3942375
5502010
2126931
9532837
5673279
1401026
7948145
5203351
2683749
4562406
7788896
1534459
1201654
6072109
4868842
9916594
7405533
7664731
5064467
5188249
6019661
4168717
9135127
4650337
9078413
7165268
1008691
2263591
228809
4966379
4411518
6687536
468390
6538449
6220373
8658021
7939475
6684870
3861372
3139576
3763629
1650268
7190388
4965283
238730
2059230
7398229
160615
2240314
4979048
7865217
8259975
1664117
9516696
5426664
742530
6681965
6435355
5522473
9427126
3918086
2450343
6114662
6902828
1505144
4851387
5560849
1960972
4052610
1938574
7616900
7816239
6105194
4807288
5297874
8860276
9382871
2696104
9020892
1623185
191504
9402461
9883160
1855622
8919157
5309824
5114504
8117474
4261531
636978
7544600
695969
5603673
3659262
7598798
7108818
1027002
5675999
9069790
5079612
7614573
6686690
2895851
6236120
4010331
710077
5096396
3393202
3406181
4117288
5016387
3597686
6036101
7415899
7969660
4955259
5242075
3084164
5589085
2019958
6237494
3133686
2715927
1841168
9309300
2831077
1466338
2852654
8507077
3052480
7932266
8638002
9739170
3344469
4874122
3749501
4054547
2486871
9659055
9977080
9120511
7191794
6091118
5156613
4607693
4060778
2628224
2366120
9661295
8217309
4386078
5898789
1350995
7102006
256309
3176648
2449435
1722647
6029302
956512
4775127
6477921
2110867
7030650
9822390
9501341
3296503
3876937
1988212
2955559
3854018
3625076
2663705
2461488
8781689
7271399
6522267
3926265
9637519
6183562
2143574
6539950
4598703
6010922
6158308
7371365
1703922
8607743
1610364
7733224
2080608
8901844
4211145
6707827
5932494
6549888
6209168
1745349
426825
713733
7217260
6797195
6855161
9880966
9258684
5636850
9668717
8297303
9563115
1822588
6997217
4223041
8362538
1595920
2750315
4520846
1483637
4454237
3128590
3094002
4703814
7725550
1995846
8914959
4433377
7928340
5464847
3158897
2190041
8408025
6388982
9407302
7721572
3244143
9288268
9496608
1397345
1473337
7793911
3476812
3295925
4791128
7699854
1658464
8903401
450169
6179310
387038
7420759
1824252
3481040
2124573
2066154
7993238
3555884
6499531
8437930
9020732
2174781
627972
9945109
8563763
35274
7666681
1807907
1839894
7163290
5721604
3313231
7473553
9198417
6609156
4781034
6898271
783972
3684435
9864792
9479635
6587825
9801903
3820239
2585218
1926476
5886394
578456
5482361
4902277
9016387
7019445
9593410
9644359
6964554
8157174
2195985
7147587
2481433
6552231
6827229
8203037
2381814
6817135
7401454
1507322
1598169
6816077
2291295
5282604
9197222
1770930
4386781
8999125
8107521
6971999
3441954
3993915
7550456
8924315
1412545
6566843
5943760
1005955
6211202
5424666
1679481
923539
5088605
4160914
7475770
4432187
4880304
9857584
1249322
4798110
1364906
2847491
4130540
6172553
646447
3327762
459835
5033228
4843239
8567357
2005228
8285193
2561272
9555684
7209508
6490169
6122527
5669620
7496125
4850081
3610638
9175606
8289972
8699244
5852873
5765742
3131431
733177
8139678
6897105
8047639
9504584
9744596
2178179
8193490
2907395
5505941
8653325
7940623
349181
7220682
9945851
1150726
2298307
2017887
8360235
8788476
656766
6546207
8800953
8023199
156846
7976560
6313171
1372442
6345785
2078913
7020225
7078962
218591
3917330
7642953
2239528
6178278
9821133
433018
9085673
7843426
9086343
7026296
8192607
8823378
9488500
9343334
1121685
1506387
219921
2426513
2163154
6766128
1227467
186353
9439326
1720379
6499525
811768
8066164
1094790
7831993
7661478
1313382
4265675
5304431
6069262
443953
5125564
6502280
9529626
2968991
8104975
9072275
3677950
6928353
8560775
5537636
566390
2583514
8273909
2992904
7263020
7556390
6736723
9965726
6995716
8457102
6465251
323837
9039618
76393
672182
9217448
3906127
4937858
4521879
9975389
7898163
2163796
6477669
9944142
7649139
7098997
9016417
3843441
4027350
93544
1897430
4593741
5193410
2687691
102997
2456431
244081
6839720
2422157
9756150
7813174
1403760
79987
9369144
1480153
752169
8586592
5386281
8206379
5624823
7878022
6104543
304971
6872044
6048685
470462
3971041
7581454
6830256
514743
191350
8727686
5108484
5384760
1415377
7727833
357543
4175811
4567553
2779700
3931961
4897079
6699812
4011948
4266223
696318
7280469
5369167
8598951
5486849
993991
6476973
4107744
3815314
3349017
2672781
4285777
9836410
254235
1116033
351154
2961937
2360071
7975990
863049
6291800
5703824
1220593
467611
2787729
6516645
6915924
7684809
3216458
3444224
4467384
3912776
724694
9836552
5028079
8727895
3346895
1505052
2835639
7162209
7370422
5508420
3964338
7206832
8279007
5080371
7557986
3757296
9956794
8050329
4620345
6248595
3754153
5840938
6716206
6541882
2357584
3632131
6743043
5574042
7076355
1210428
2003170
317401
3563332
7031249
9045296
9426579
1052653
4397287
9105140
939427
2422059
3069479
8146260
3217418
666202
8220598
6974714
622997
6270927
1595060
6871592
2541432
9952350
6104150
9083315
2309934
9736281
8342710
400328
9328989
9553138
4919850
9646390
5632822
4467451
1208039
5059401
5520105
8121678
4164542
6459532
543738
9750373
7122144
6277508
416575
7859095
3252223
1039572
6646374
7363635
427516
9187807
7315985
6531667
8271122
2142272
6267948
9130184
2542600
8113289
8683323
7462451
276032
6832497
1929902
1484071
4408251
9966359
9605749
1089145
6425892
2665839
839518
6064388
8943348
3772445
3923483
4711923
4812018
569858
2075558
7755886
2274017
1907895
4287553
545139
4050167
3071854
2191675
6592768
1185143
874998
6571571
1461175
223848
1017825
2945246
4632099
984185
5067348
8237596
9926429
249539
9077114
5990817
9192887
2849559
2430653
6421162
177929
5516863
8496720
7933816
7790880
404616
4737721
852371
6971135
7809575
3044046
3563903
8994719
6435397
2651826
455894
6659245
3669652
5917493
3807696
4653837
3501193
2045292
4580266
3750732
3638758
3087435
5459972
9004669
5518088
1881134
1698951
3551303
2894207
2149119
1342183
5815175
6886840
2194554
2786310
4696416
5238601
8866566
3691135
4190350
1518392
6663381
849595
5188044
5097226
7173643
2358233
8598419
1735287
6938499
4865504
5374045
2542287
325476
6895066
576727
4722962
8594017
4128031
7617169
743136
7986566
3432344
7629977
181121
8735007
4842745
7936074
7601573
8533880
4642776
9119965
7713613
5492371
6824362
2810840
5182366
9182595
3925611
6917653
8637447
8791115
4808050
1179734
1632943
1703116
4272813
6355906
2813486
8400844
6489427
3556622
6387411
2438124
3702951
9084884
1173131
8545696
9537310
8774704
9595928
4180086
411021
7309542
2188809
9751735
120382
9887527
8934331
6562345
6805180
88130
5353461
4129582
3784216
6986404
5832698
8057029
5858662
1162536
8974226
2348090
4719159
7877989
4786214
938462
6962873
8475697
9484159
9016535
9766753
9080087
5712973
2694126
8905981
7901782
2445862
1542715
7789309
3896545
8105061
7110841
3984675
3458522
1240423
7768891
2961278
9589473
8342272
1336293
752010
7316498
3684383
7987521
7710839
986949
8925983
7190064
9462646
926494
6206599
9229399
2522934
1919572
1923525
1428915
2337706
6885739
2971631
2643367
782284
3593044
9754208
7283311
7051566
3510983
7568554
2529196
3100457
5910827
3865489
6368819
5743677
66224
4356340
3454517
1053173
5798675
644581
3032171
6725170
9367533
4777922
1764456
1287105
9217800
3193371
6141164
6103539
8681354
8784531
9402176
2274398
8538740
6685487
1842316
2049723
4254042
4371513
7666532
2681221
753354
4035351
8424898
819579
908043
4395767
4389104
6706719
7556701
7421276
5948241
6924234
2199198
7712697
727691
3933350
3422420
6868855
36890
2103775
5653387
9439066
6894525
6708479
6124553
8736842
1274554
2894947
5624707
8941087
5576168
6378061
5492790
6517419
9713992
6400834
3429538
4103097
5623905
986239
1524373
4088498
7910473
6239923
4317547
8638165
173274
7739967
8023372
2726516
2360094
6193111
2165582
9254620
2901590
806487
507814
4176145
6217787
6132521
5633584
1793955
5026934
1126374
827726
4740927
43560
6773617
8844024
8183817
7759856
2884749
2272315
8186682
9124672
6589862
9341199
1814298
6846182
7364571
4540814
9206276
3557683
9222748
977248
8975625
29236
4001414
5668122
6247023
2650287
1301706
557330
7677222
4944433
3901409
4934501
4987993
675026
3778525
3171811
951234
6663274
7960478
9137916
8304298
4550341
8479115
2634949
3912875
8360039
7175763
3119151
4434074
6398512
6612752
3409699
8944100
614166
1594174
5191123
3264454
5412232
8264805
3458028
356665
2166214
8392529
7861011
5357592
4687406
3549174
6308827
3867032
1509652
5446743
2171330
6059993
6442211
4806279
9972868
4802250
4498395
5608372
1752676
896907
4737476
7678727
2357359
7867994
9272901
7548482
3648800
4685134
8329639
7106828
7558151
495854
8015709
5419162
8369798
2703115
8968336
4678625
6570147
477989
2641721
1257830
9054334
9083932
8580461
1543555
6402534
3078856
9668279
8155210
6492115
4405755
8350289
8849474
2273749
7623191
8914308
5922550
2308325
7243948
5545730
2382828
256154
3561440
7801991
8625952
8780907
6770327
5820930
7867407
9764668
979003
9125237
8819003
62935
222050
362558
8981821
5817259
2547189
9653383
2309374
6952944
8003672
3675201
1743045
8143215
5105861
181947
2967892
4866161
5727678
5350721
7638667
1805470
3152712
8780972
3102729
9923039
4601902
970136
9687708
5580905
95373
1023063
8160192
317424
3901973
9658365
6134683
6449162
9311748
960409
3402106
9831772
7151962
7661503
7974988
4774176
7843451
942880
9640337
6087481
6293601
7279005
7892951
9446313
6059977
3512032
1885705
3178231
4482169
4089765
1275488
4577542
7629180
9435680
7411318
1531153
1610397
6062353
7980315
922145
9539115
3898773
3270269
6691077
1560276
1245257
3981605
1920079
4704490
3621943
8007560
998091
3417300
8416863
2960757
9477277
1928896
7362814
5171860
6411065
1452579
6447348
3504959
1598111
8399380
3432630
3129264
9777
2011335
3625931
3448274
1550450
7524704
6718543
757880
1601332
480153
4739485
3521412
5184643
8361428
4045324
6182734
4295080
2462188
1659843
6288709
6907436
9022657
1460569
3318501
2991588
7907917
9339812
4589699
8823649
5288794
235315
8833426
7300130
3861246
2281700
8850580
3902302
9000244
9608460
8019987
9480397
6864298
1541399
4665040
5225726
8103075
3364126
2037159
565263
7540322
8325868
9989051
6562979
9786438
3307552
2070920
210707
5163717
9176971
9034357
452511
9412287
384135
7752641
5789885
2665836
9119574
9692188
1666080
1244386
7712175
3662829
8108684
1769926
844221
5850763
2389353
6724699
7887922
2954617
4265021
6213790
2943668
3344353
8516580
8767573
5415273
1243640
6447642
4592244
2794349
6900153
6520883
3178484
7169147
2310769
5844320
8805073
4519309
26752
49459
4747836
6205933
8158144
9034114
7050154
6525259
1423467
3774854
4413181
6894436
8039875
3143323
2354457
1384228
1659904
3638382
9315853
5419896
86024
6424450
8214245
9502529
2945333
1392729
6671676
7772454
7237050
7993101
4808115
9780154
8042561
9555951
5986088
8717057
1106417
5552594
5242316
2529885
9327448
2171849
1940673
9883676
5315172
4295130
3784256
9491428
7933512
3100110
4911324
8019536
2040912
5641921
7522066
4986245
7034651
6710094
5275052
6788053
7219548
2599519
6568207
5262109
2155471
5070647
6495518
5778240
623242
1737834
824477
9950690
3909683
2765151
2350718
1741207
7060281
6134975
1232636
7510146
1751437
8660312
5529682
3792349
4302234
5568100
1294946
3853237
4794547
9086350
641290
2014095
1685870
9725849
9792556
6357693
4796497
6288074
2135933
7936091
8025908
5476763
7886781
4451943
8241914
2753852
8709502
5302195
1405179
2458490
2812341
5672968
1118803
858376
1981669
7937389
8942828
5792967
4306978
3737375
4879318
4948268
8267822
9081540
7190469
8060378
7955585
1986966
6864804
2607870
9923057
7407064
8084633
326191
4375359
6326547
5596395
3084862
4145095
7001574
5543352
9473788
5190894
9178507
332164
7172563
7115896
1791345
2965530
1422874
8045072
361200
8887494
6312895
9442740
6077964
6889625
7398325
581282
3754430
6196
3020692
3677846
8090829
5863235
8053206
6933729
1459630
1138068
1078824
977556
6681420
3068964
6168450
5859928
5917481
5857365
5492176
7708826
8822895
9431403
5753898
9184096
835249
4583145
1143188
9429565
1472771
1057866
10848
7743553
3580414
5547892
3937751
4187595
1411127
1990957
1121324
5387109
3129025
4716500
8881017
2326798
7785465
7565819
703078
3702946
3423184
8711606
3928124
2246079
659361
9682022
3946527
1494611
4265168
7606068
924176
8254291
1180286
3451376
8514196
4760700
8999268
2451947
1464647
2926747
4442905
5102324
8313856
88282
9818824
9711225
4931432
120641
7277044
8150862
6339939
700228
6862469
268063
5462660
7521830
2466438
1925539
9016441
9247958
2047959
2456970
7502249
3228245
5908346
8532797
505297
4907615
984744
1969945
350714
7944001
7072269
8664571
548636
9407445
892148
7996420
2044439
8169193
6147283
900730
8869421
5526104
1168794
6848433
3047934
6151584
8773973
4580728
5399542
821932
7037698
2901791
6566530
5462396
1434588
7071827
2886363
4935684
1558124
3237078
5396038
1146745
4418001
8461026
3070543
5310149
6457446
7631334
3479342
2604729
8532064
4865116
8130833
2217210
4229901
3695120
8368794
3003874
792200
3768336
6342159
346250
6670127
5425041
5808646
621067
5013220
1211362
8073104
6571345
4448440
3469142
7718090
1382793
4446520
3304985
6692942
903966
936319
2688637
6025048
9468384
70105
6672233
4201946
4300006
367353
2570741
9820233
1159553
6339077
8678744
1505803
5525557
4103785
9830802
8662976
9117005
1042164
6736080
8204702
5490604
2721574
8439145
9389749
7168094
1744130
6082691
588413
5196802
1287680
6613461
7181538
3874137
3285694
1383484
8174144
3653048
3954225
510729
7328953
2809655
9189473
1351109
8335212
3293258
1181911
9514540
4926615
2224075
8766973
3131318
231031
1488547
1570463
9620780
1172994
5830945
8219823
1761407
1027747
2023856
891220
8209285
5897993
4176914
9592770
4072137
346314
6063347
4582866
191620
8873002
6288691
1542729
9724566
9581949
2724640
9239107
7024917
4948715
8006080
2672587
7696098
2010979
4243050
7316878
5700325
2590347
5536701
9978084
3618095
7560557
869304
4343732
3458551
7562571
6452854
47040
7908885
2516202
7146259
8100505
3905556
3434950
2159586
3630123
5533252
4884226
5385582
5074521
2349293
5908014
7747108
45391
435345
1990158
7362269
6135671
7096857
5415323
6113755
714952
5492232
9499412
5058685
1467135
7061983
1511539
1514176
7487220
6544093
1176787
8104078
449650
4611737
263664
6596125
2661341
7664243
4498059
7735862
13536
406073
5482970
58928
3357770
9989480
9937549
9493441
7086338
7869224
8123549
317642
3361457
139313
5376327
4828592
9717648
9404219
8859120
7204868
5948312
35907
7825298
8914314
7163997
605315
8026791
9825338
8269558
2524850
77553
799446
5447275
8076875
858374
8805046
8066356
3312276
814839
7669046
1181500
1454740
7986688
4542957
4110405
5879368
1887902
3828053
7799939
747022
3549274
6264603
3299282
1374572
5178918
463279
4496239
5722061
2804969
2765797
8246912
5398874
3565244
6210539
3475750
6939970
7531937
4058458
2768598
8346777
1727504
3950099
2317869
2230544
1009408
6428275
626264
2897310
2772680
8426203
6160685
6321954
4690807
1976319
212879
2386077
4955950
4709118
624490
7760919
9991268
8871402
5676146
3556512
7598294
1668248
3012834
5130231
5726706
5781433
5993360
9970562
2247884
8311230
4717458
3257292
7255857
5343723
8670955
28537
3769926
7347992
8866844
977085
9324311
1596075
5879514
4280261
6305193
6504005
4557532
8812813
7891759
2750030
4885677
5490053
4418278
7898512
620285
144984
6196297
6613645
2631898
8444181
7441227
7349357
1701473
7213436
2693080
2888780
9758326
8979358
2753124
8625170
2472796
2077435
2737597
8352310
8874048
9042790
7372667
5947933
371956
5264427
8697963
5257633
3270832
3116242
3156145
6407469
3261226
9352442
5537467
5893125
312975
2978694
5758834
2014449
192131
8451914
7419581
9950457
7431272
172706
1091979
9904068
4766493
3829576
772731
3640542
5388718
661750
9588475
5760674
5926177
802790
3534660
1713362
3919032
6690805
8120831
9696611
8559600
3658298
8106088
8872575
9153345
3864922
3403376
9345476
2316836
3339310
1812285
2264460
6028368
5420616
4684881
794861
1766544
7973964
6951755
9671614
8635714
9056582
7948641
7078244
9859373
1483301
8791606
3778405
690458
9428789
5991368
1766410
3087088
4097456
638986
2240433
7962378
6558714
4102261
2795566
2414376
8430898
7576379
8442744
6367866
2261260
9237606
650762
2751576
8705713
322376
1387290
7762296
787369
981886
138021
4787022
9773492
6432778
5477481
9202282
2424147
7243891
4805722
6521603
399229
9562507
4483982
9474296
3664768
9795900
1888672
4612018
7372279
331417
3496236
2149891
2085375
4146998
4901467
791088
6985726
6288758
1069736
7773096
7270644
1207757
2560118
9560489
156888
553951
1279123
2581035
314195
6084845
9102638
3229776
5647352
6102972
5220424
1828472
5898873
7109097
8956842
5787504
9956866
2453078
7937396
4558593
6600076
2838863
5349681
6102154
1643973
8935770
3875250
1430970
2659879
8951721
991459
2816767
2022024
4786934
5397802
2336219
871779
7016793
8082348
9035483
5636117
3302772
3380307
1534990
2928221
2337149
7322495
2885087
7306579
5259891
7443680
3906655
615106
5309714
2525161
2259080
6761836
8916764
6206402
9421715
7868485
9714213
4754835
2406861
4501147
152637
4743081
7889278
9685782
5341781
9441113
5321900
8644553
2821420
9373242
1572775
7674921
9212089
6974214
4981500
6988332
4417895
1404507
7603439
2243961
3929668
2378871
9005797
2846432
8585273
943864
3231269
8299486
5698699
5638131
5316985
8367689
2897564
3206263
8053471
8239345
2647376
5891723
9400250
7985148
5264966
973025
5660069
4477055
7947240
641569
1465388
4881487
4562428
1585179
7125448
8492096
3964050
8647597
1338529
5065675
9591461
7086150
3365161
7806513
2724281
8682146
8690554
5621845
4404761
9260377
6377542
9568489
5152101
5777793
7553637
2933419
9267170
5730058
7410474
7214410
8887979
1392214
4612249
3450407
2977393
4254049
1942503
9457795
5417998
5797384
4523470
7525812
5399887
404983
5332325
8124168
1603481
4022879
6262366
6008242
3283256
2639908
8093083
951709
8417701
5646720
3885128
7684872
3893130
3811955
7415634
2781109
5204169
4544236
6231516
697915
8798285
690372
2672062
4216284
9004108
7195533
1742096
4403995
7600516
9590773
5044516
1720350
6130004
1306882
7728592
1929612
3946790
5821676
2881322
4880844
3984748
6766450
5082068
7877879
3094757
5014054
658988
8298927
9558290
9406857
1513194
872928
2613581
4185256
7605564
1617689
3897141
1864012
8538037
4014010
3971137
3582553
5734360
101141
4889435
5979304
2030753
1352577
4317332
4912075
6233421
818433
4194878
3831841
8696312
7289635
8845896
1871652
8104914
920538
3794861
2134460
4309818
6408442
6319717
1915382
542484
2733210
6295746
9080521
6747220
266883
2663074
4997932
368024
7552509
3493589
2398778
8905086
7810921
9827205
7654860
8629354
4022083
1486701
9842018
3828071
2848949
4230023
1932985
3769488
8024884
4067446
8079306
4433327
2903515
2511041
4975811
8153077
8806787
4056332
7416650
9073671
9235758
2414582
9441695
9304619
8424523
4356825
726057
6235445
6700383
8380917
7381151
722466
2383971
9739522
7066889
5232920
3969545
8999875
1518760
1994429
5583673
2114419
8944108
1003540
4625460
3919919
9156617
3432247
492603
9089619
5022270
9728361
4020554
6980318
1549332
2445077
1337143
2275390
8680522
8037526
3172659
8578026
1276345
5556630
8317548
8343234
3305903
2287093
9859461
7341015
6797874
7959486
9455434
5741983
1479378
4080894
9661902
635996
29494
2670858
2241967
5051764
4915571
6262521
2032082
6464904
8707599
5885578
8740294
9904473
3923104
1912953
8482499
7715801
9985936
9316399
8575388
5808191
1603492
8434849
3149206
8401367
8910688
2604641
6659702
390066
6685535
8837956
3542414
9231381
1508814
5784382
4283146
6424386
2046903
6315228
5405642
754502
4717158
4145936
658976
8640263
8575241
1657827
8872416
1077529
974227
7447804
6885720
5094071
8399006
34927
6011790
7309694
5155920
2671492
7699760
4357807
1509449
3758527
3589189
5534615
9542909
7872335
4475353
4106164
6703915
9880995
4860667
1421074
4026931
8035995
2577689
5118525
2210174
1450105
6196054
5700753
1414262
5598127
794825
9813268
8149406
9322967
7122962
3305326
1994460
7339074
7663133
6020261
1097601
1252322
4071228
3156862
1641009
8546582
7263027
861277
8427577
2123694
2282351
4970861
2676041
7376392
89386
4886215
1342849
8801792
3103321
2757111
4399919
3898146
2570379
2549325
3221113
2209693
8371003
7731925
9548768
6034137
6268538
3162721
9802811
339767
6319584
3960173
8886349
3582611
4821450
9830278
8222657
9620153
4801139
3415050
9512897
4890525
817617
855746
6208670
3920938
3612858
608589
335436
8699589
5674267
6072902
3425635
6561622
3804827
5490755
5112111
2589718
8653476
4914923
5445837
7489412
1391448
6848538
3588375
8729250
6678816
4327384
865755
1479956
7742434
378652
8886833
1076404
3750750
5095503
4997342
9879960
8220445
5332779
8579550
6411064
3922033
2005185
2972686
243212
7495940
8084798
2832930
8665768
5516073
795119
6155181
6907521
7643657
2259908
8153123
6838826
6587293
9018878
835134
4329727
1913882
9721967
7922483
5664632
7333823
2919826
5544593
8070620
768957
6640495
4481684
4690990
1162032
7454370
4934202
1174324
8055520
283485
9840092
3571593
1078604
8511625
2995466
1238614
771534
1148589
8077440
9875179
167467
8912574
6721258
2081349
1150893
4643742
7745982
8484716
79920
5806927
6555336
848877
2447422
3553372
8056219
3609454
3524095
5506773
4783778
1579615
8306610
7140222
5151209
1901567
5651848
8146675
3140181
8939734
9295265
1217621
8814913
1979084
2646547
5536171
6576786
3797440
2696265
6839120
4798509
2776185
2646047
3870197
6141414
7609821
7423570
4197633
3735627
947665
2220759
8519405
5043632
527369
8175979
194841
2428936
3827827
857869
5569117
5283913
2669486
9303090
4098826
4648570
4465989
2151350
3741708
779782
4847615
580828
8094643
7623801
5743227
1964840
3765215
3353048
1904762
479201
7088675
5368779
2699960
8124432
412412
5743681
6300412
3123605
688970
2644591
3981474
8774439
7928505
6650960
593882
4543683
3815883
5059871
9211385
7557591
5839653
6575353
654772
6450648
6715506
6397999
8415489
2997073
2267400
2836603
3476274
1872427
721735
8692586
2513212
1134147
6952620
8813624
4257752
7641590
3974567
755579
6416029
4419424
7406539
7009911
1479460
1222422
4586135
3207197
1296366
2942140
9782550
1951138
9392789
6498056
865489
7808278
2011482
3132889
3161233
5487756
5005317
3882968
6696695
34881
7533467
6165667
1364857
1791220
3807257
5339424
2546799
2739638
2275201
2469690
9749550
3754661
6208465
4335685
6961858
7504831
7277825
9260761
1972321
6670614
8275169
2837810
6995244
286651
8487052
2672830
8290760
6008721
6555798
7503807
6043602
4089266
3669474
7408459
8396838
7476731
5264235
3459989
2732721
7539436
8446031
2482271
1294097
4654496
9334308
772308
4675679
9128486
33069
9164352
8315452
8308238
4518515
7827049
1111242
3005567
499879
9402002
9014288
9572029
6905809
7574242
6177647
575283
7499053
4574485
568366
2763288
550826
3301087
302725
8996858
8299711
4113174
3651354
150371
4885482
843386
9278857
4918551
7738
110662
5743142
4526253
7937711
6854384
48172
953942
8772738
9062460
525971
5678547
9153054
6703619
8770182
6652107
3794456
1854900
9415396
4345283
5155987
2234473
3342141
5972050
6347647
9509847
6122422
1233130
353233
7917631
8668033
2877324
8028293
6927527
7403577
8482356
3781911
7451750
9436298
2554649
9030562
2478622
749548
699969
9182241
9519730
7352076
2976697
1374630
9283824
9838332
9046970
1518297
3180473
5019020
7865945
2690321
3657794
9099075
5559906
4091778
283460
8437230
2120071
7210988
5840808
3118780
3509251
5808910
5071430
6063901
7355824
7550052
9329801
8055793
6732293
8849532
5407870
2225343
2740514
4691694
2063675
1787484
8726344
7760501
9322857
6592289
450822
5497003
8207716
6010728
9588781
8491176
4447959
4225205
8218516
2805119
9860337
1727768
8614029
4931767
308021
5969853
2481820
9637822
6541999
1730465
1003706
1949869
3955808
3744221
9157915
8535836
8048057
400611
6296337
9887266
6992900
6747159
7900622
7716968
5274239
7489403
8724497
2238550
4230960
6943013
5043669
4091297
8670781
6174050
9023065
1495154
4660256
1504885
1132977
1202255
3235350
2136683
5668476
9707511
8397256
4826391
8243347
8961666
5227003
7056036
8848932
4736255
6319547
6749554
4969576
1593786
6755310
3694073
6348689
986270
637086
1392358
7593920
1824220
7566409
6616985
3319374
4743017
638222
6968703
5945272
3873572
1621739
1613748
6097435
18995
8956491
6857134
8980661
6699846
3913170
345946
1436102
2749069
9611852
8922030
6859208
8883514
2616103
3207897
2386137
5769541
4600255
9980057
110113
4683016
6597042
3429488
9426033
9751616
2914543
7887657
3625188
4536282
9501405
2238976
4555278
974249
9096110
6052291
7674095
5525633
8914589
1626549
8274702
1042794
548579
5133910
9926308
5681034
8341807
2312445
1450576
5458415
4808854
1560689
2657783
3922248
7506529
4600169
3673864
421073
2487826
9815405
7473707
4505584
2054381
4545337
7996185
3666843
597629
5670280
9192476
2028570
9813182
9983531
3071364
361761
7633793
5514025
6042796
8491953
342822
9724
3950368
5151677
4086765
9124503
9073925
1593295
3724672
2747790
4530720
8728851
2563195
2004427
5750787
4617576
6549765
3746972
800771
9663746
1933604
2509600
4208668
1746786
2493131
7280033
4624900
126924
5310410
3184048
1135229
5653232
3193772
5085597
804909
7280537
6726453
9878835
1390184
2967477
5142977
5920904
1696328
7706172
441684
9963467
4840100
9507801
3710439
5640871
1687899
8160396
666823
5896567
9907182
3159954
5692952
4532082
5803231
1003362
232482
6938460
6656595
5942606
4540410
7461504
5739496
3783215
9856691
7129680
6750692
4999668
5566937
8447021
5222192
8524973
926840
2578644
8032774
4637280
735868
2237025
5314028
1402691
8133592
5221210
7078998
3826545
2269645
2882229
7346259
5018479
2337041
4002854
961086
9393803
3980711
6700582
3177018
6353754
3830262
9927711
3869775
1913551
891084
9091967
438524
1817924
4186964
987650
8971556
4922832
3224675
4285584
6325523
1358268
2023147
5920873
7701165
6809144
8803102
5047424
1827623
3656496
1566631
2788709
5566651
8063694
9489291
1260022
4417448
5835906
1187733
803575
7749457
4595169
2411895
8187982
8929445
6598859
9175632
417354
4038043
4916660
7219290
363566
8791280
9242437
6284440
6492445
6051581
7603894
4056221
7879205
3776742
8139204
3184266
9343394
6202898
2673558
603416
3136699
1025816
4307501
6456626
8775273
1419022
8868521
9479607
348467
5467380
1171592
3282173
9505423
6088252
501464
2385342
4879532
9743901
1186134
3888329
8311835
1306380
7944550
8707392
7599475
8600107
1891658
9459221
4803005
7081568
62637
456056
8107384
6886490
6912683
9399010
821864
5781204
8878617
1170331
3764937
2566561
6968857
5786712
8654813
7470321
688406
6050697
7214222
4390892
9939026
8042409
5697273
399929
6749801
5813100
9000036
1157812
5272321
6319393
755732
7851310
6775450
8863117
7254152
3688133
778479
8076016
1985689
9657096
1762699
8266978
2223658
8731556
4053691
3394823
6201877
7258449
9445521
5932452
1649342
1900899
3974861
9862967
2300828
3241015
5676067
3817216
4398827
3464740
136610
5154559
1316050
6912060
6534028
8570202
3116545
7312507
6646218
7618586
9485956
8408917
5885565
4225966
7140474
2455608
7620789
5858703
2230409
9582662
1791155
3879751
3999914
5766017
6259070
6300742
9007032
4451489
117959
5922211
7916229
2770921
3593122
9232279
2199333
127151
7802481
5315878
9956010
6965051
5450816
1958318
7890321
1336381
6184284
5030795
6308341
6321426
889498
8538751
5904088
5197006
4934854
2420354
963023
1193925
8721097
2486407
5645414
1355408
8408618
6077996
6642681
4518092
5310275
8842014
7161595
5629109
4157892
7117606
5110512
2125060
9075924
3000833
5977794
7776561
547980
2286135
4097987
3953831
3341238
2518427
9150837
8276093
4938782
113860
1986370
6176231
5116619
148136
47991
6041589
6226132
6690672
559681
4052760
5532686
7721277
9681869
2206930
7355235
4792381
4331990
6431159
7793215
309784
6724072
857547
5112272
822059
4811378
969862
5856839
3962215
1762307
795621
4076075
3748677
9488204
1709046
6413166
9536195
7750635
2639298
6226867
8310317
6692058
4275905
6031594
8890279
8999187
3386829
6199013
3331177
2334340
6508580
6157314
9058413
7366127
3785938
2396824
2177506
4755800
8253663
6139721
6518108
1565636
2732149
2783137
1053840
4441195
9196303
3106387
2191831
4351954
1849606
3018500
1044012
6125511
1566446
2450644
5124698
4953275
8649657
972228
9803967
5158237
9645894
1378732
5040716
5948184
3775557
7218222
3220336
4545572
5874296
2254796
6111209
1122797
5037934
9681401
5563992
6750589
2787789
272175
1102543
4637395
5807027
4662908
3279259
7373473
7113552
8403957
4843100
8279561
1892537
4647068
5954150
4054783
6025800
994866
2967
2317709
729441
5739656
6863282
6603737
7994452
5490843
7726534
3032386
7688596
5806878
2299328
476385
8595406
3401871
7630133
4402433
581131
909392
4292259
7694683
1829701
9135359
8490596
6238591
3782427
4444746
293374
2324580
5439613
2812694
4642289
8685406
8552350
4021923
5289143
6546802
2029118
5532029
2095541
9717715
3855259
6911221
2710452
4967017
313092
2856937
1885803
894224
6282681
6178062
1105259
8112383
5313421
9595856
6867326
1612201
4040602
9677052
3936781
1996567
2489746
1095422
681973
3558448
7633698
8487468
2621603
9662816
4019497
7233496
1896883
391109
4144717
7123688
5358126
4457809
2496977
7243929
7868385
8779659
5938343
8973645
9408394
1251765
1085853
6275720
2863966
7642807
5952772
9317099
9639375
958871
412521
2837700
4517319
8046219
1325169
9655274
225388
7861018
6888770
4638623
8252127
1033487
4278663
6126606
5491297
6775641
5886887
5876034
8071652
1825231
7366031
7480046
5593348
8451884
3755766
8457314
6094692
2224890
7774413
8250419
3183761
703286
1088119
217433
8749506
2413288
9872707
1491246
2790659
6761478
8646221
3559138
7794965
5441237
9685744
5802614
2216878
8088984
4195001
288530
9914215
1561032
284928
5507563
12917
4040694
6481229
8623961
8781936
6771994
6874380
4482050
7475280
7962499
4699483
8741138
2892140
7088542
232384
8199151
6366372
1394958
1758289
6677690
6836195
3960386
4996656
1569425
2049370
9191657
4374307
4479937
752690
4659235
2503852
3281959
8699929
8985081
1905920
9998217
5757075
1296652
4480267
3232355
1775503
1696102
4489846
4667643
8784645
4722230
2866794
5151017
8633540
7141436
4345059
5469735
1101822
9341716
9555512
5667544
8533373
3929819
147481
1802415
8589054
5167685
5084374
9805335
4152766
9506646
9803553
2426193
803298
4283820
8174900
2578802
8496275
2664746
9762797
7280920
9903329
5145944
4948289
8536869
4803732
9293349
6522957
5905554
1151417
6078469
1573098
9684790
2524641
4236931
1487206
1113695
9404616
9087932
919031
6073734
8594579
3238936
1016279
1914229
39108
9191179
4493031
8535383
4372278
6772181
5816303
4275607
4434477
3280945
5328828
9238209
5090646
4368137
7660115
6242063
2962959
1749565
8443205
5487600
5986496
9930411
9117647
7907464
1534696
36678
6497550
129275
5791966
7513829
2043504
5831075
9221360
9052888
6882810
3593638
8341421
5215466
385597
2775898
8496411
8230778
4530459
3587057
2598915
2190574
2345472
8078226
3940139
788677
3565826
2442987
3235441
2683474
350451
4770137
5236504
6848001
7415764
3544823
6878182
1975620
9375898
6099542
3544860
6258708
9693181
1886281
3990526
78778
7178531
2486937
825908
4225342
8590346
3424824
6415916
3452170
4019402
356055
4240848
101581
5315394
7476289
5301407
5665845
4762778
537911
5030198
2178542
6599086
1908380
4154162
8491336
8007923
7699023
7266397
7701104
2101656
1256923
296234
1796540
3743861
1122143
6021882
4850559
7063319
4954151
8302730
1082721
7826558
2543578
1184302
3141953
2536219
6485709
1324150
9815349
9539973
6354349
1993891
6139059
779081
8664405
7146748
8787004
8879780
4413145
9004460
3497789
5670068
1817047
5294329
1930281
5455542
3832563
6780841
2518861
1303066
7599923
6117934
9129625
143501
9818589
2271578
5196072
8820650
6112080
5011421
876975
2466429
9521664
7016035
3245511
702421
6679135
4548867
9582202
1092280
6069680
5596343
6762348
7886727
3407024
1208982
5858621
7239587
7989823
893834
8542654
5589746
7011768
188631
8249599
9346709
4976561
5962023
8167360
1088641
3489796
9044335
6071423
3011460
8576722
1833286
3713881
5255857
8898505
5812435
6348137
4968185
1408778
5626838
5371264
4815802
6835820
1229885
4571742
7341995
2123719
5630748
2931741
1651840
5819379
3697692
998549
3312292
9659715
9165909
4400933
3149511
8210245
2988708
8677323
9303319
4821994
2391204
4559177
3720500
719992
3423666
1205037
2128770
9050504
6576302
9460925
8402676
7806187
4032667
5744671
2446259
2179767
8676412
4098099
7999146
4890456
5096648
3827790
4550171
4262558
8228723
216034
4989155
3733784
8893357
6808826
8555778
3800914
1368003
4792630
4520906
4791670
5997668
9166028
6358526
2573970
8626953
4761203
2896509
5175972
505874
5342768
7355739
1698639
9440867
7871237
6589095
7053868
1699027
3655619
3832778
2444103
3871653
8821933
6177887
2765011
5630759
4733665
6565925
9515115
2042648
3603183
6823137
8040316
2769211
3181663
3130638
3912517
459218
8543499
1604841
3481445
3886268
8960581
7696436
5843487
6831818
6801883
2897355
1047198
457502
6730133
3491301
6845508
8068418
9669188
9610519
6215530
6919205
8692796
5730645
1478205
2295979
5070134
9518521
7581542
768149
5165511
1494059
1227368
3709011
3098901
7225165
111631
4575834
7437953
5955118
3924004
4239836
1368826
4971202
7213691
615311
978855
4059199
1200082
3164395
6186070
7415612
2599953
4878866
5662609
4078158
9691197
732743
6113032
7272739
4017244
1278543
1283151
7760964
7503906
6898404
4986129
7615537
3990590
2424082
6087008
7914594
9180271
9972186
5402149
6393962
587497
6381004
453161
1787579
2061752
6639231
1719543
4661705
4034449
9898504
8739863
3725646
3147599
7369247
3514737
7164844
8647791
7314240
4925808
8668049
6728996
9911938
6283587
719586
4852372
4886947
8634181
4032643
4859133
6552682
426605
5446630
2933686
3396118
9750562
7511790
2551701
3986457
2173495
9102502
3884962
3429711
2828148
7032561
798958
8859238
4197405
9446749
8689830
9123214
8114799
5418827
1551504
6914738
6138413
8920228
1801685
7288946
2952872
6660818
3841628
5895829
4623800
9291667
1808300
6890714
9319809
4360001
3393524
1493305
3462504
7278486
4923016
8807004
6827399
5721974
182594
3541157
7685076
1388777
5180723
8316227
6807604
6732227
5230965
5462369
8168807
9549002
5267668
1121679
8726172
1625648
9533861
5866324
3433667
3858513
2757039
2753477
8218514
6150563
4246782
4197370
5945401
9169798
5520727
2772800
7408124
8219673
6313957
5093200
9608450
1494680
5925779
8932406
743259
1156744
4394776
8912067
3222098
9662444
2550098
1948270
1288092
4600311
7814595
4721760
8458824
3087986
7475237
9193691
9238549
4238371
5907413
7700302
5924521
3944492
473102
3332645
2164166
9303412
942198
4288968
3314444
6867977
3221375
6574056
541074
132503
8002475
3763172
9794947
3068925
8227795
3599391
7669237
6042390
837503
8644413
1646728
829092
354456
885277
7583815
6261870
1101931
3508336
2722714
1575033
9357334
7403232
3394797
299532
1692201
6709242
9683861
7429928
3283298
224935
7562431
3802125
6504460
9873730
6871050
4732255
5989473
4540287
3290997
9343329
5701053
4937725
2688773
6055509
8339354
272589
4833731
9441285
3780925
72798
3532670
3138259
7476030
6927468
5954143
1684583
6153062
5638005
1630863
9436360
5862940
1709646
5754837
2367400
4099728
2625887
7099655
89202
9682527
2907004
1948883
5383580
7844729
4637656
3955441
6184083
4910245
8789173
5625368
8691171
1378323
9158039
4345782
8854353
8601859
299926
3055289
4754921
5937931
4686152
6707633
4317223
6395799
2462470
6684624
495527
5088357
6300631
3101081
4770884
9207636
5049964
2670816
9568717
9687621
6626258
5752801
4597866
7931783
3894521
5805389
9310106
3052560
151172
8164459
4170771
2967450
1219748
8925692
1421733
8422253
8149677
5738956
4818052
612147
4939932
7829931
5700505
3756916
931013
2987741
5480904
5980977
5658558
5049621
8184950
2284816
802422
2782817
216599
4696944
1104558
2043057
265856
3772082
207516
6952980
6739532
3943617
5878672
677617
2365870
4028350
6416574
9700274
7156849
3872858
7530205
5373706
7629774
8461218
8361448
5627030
6958548
6536358
676652
5143498
8821174
3995426
442667
1554125
1208722
1547226
3597182
3990931
5319308
6321050
943911
4575193
2781019
9338935
5252810
7663241
5883637
4185736
7363515
3040487
574947
7410073
8414193
721073
8387643
9291993
6348104
5346191
5828351
9541108
3006042
7165877
3536534
3448709
1236354
4745257
4995935
7349888
1252540
2831596
3670939
2196451
9923141
8968310
1535386
7692303
6631552
7419024
1878040
6511419
2975863
4969339
6437844
3906408
5690412
4825488
3198402
4554868
2688031
1543105
4095976
5694073
8708983
7632511
1659135
9945337
4894120
6655070
9811578
6146660
2003018
3482517
859463
1926159
4967179
2394849
9618463
4115083
2330225
4012855
626503
7822440
1498546
9580699
1728849
7188958
4406187
4927251
1743827
9610571
8986708
8356155
7820996
7695691
5988666
9480131
157381
3399138
6135202
9968959
9545798
654572
5967828
2921613
2580732
935007
5316463
4715547
5050091
163040
1244754
8192946
7985481
2743300
7773645
2230682
9932258
4696185
9674285
4192437
6823108
8660993
2548593
4644104
6356685
1053611
4124236
9030418
6969102
2775790
1515729
9031252
5946714
7483557
1952866
8527446
934916
9785681
5759345
8501359
9948721
7004099
6694305
450554
9747399
6984303
5197588
2196010
4196840
4871873
8904799
1019948
3532867
3969744
8180404
2405904
7539708
2304640
1436322
4508810
7596782
2952051
3540062
3543497
2951960
8009280
4587295
3886876
7794961
346641
4904588
260035
9867092
4115245
3226941
2130844
1099548
8424530
4326854
5296388
3296403
3231653
8832688
9345622
9717750
7013093
1751526
7257458
1834085
5704200
4282620
9430868
1172603
7822682
5490717
4124563
8348315
78012
527792
6143276
2941005
5432380
8919663
2808098
9547625
2146605
4938942
3163526
571135
1782148
976266
6383890
7530153
9808955
5729513
7247903
9338400
7481039
7021713
1172485
5701592
1304333
3119705
6874195
1643368
8610422
3515111
9991683
8688435
6559255
6134959
4145792
1991635
7570975
6953890
4055612
9717580
4409184
9735490
288715
6191332
711757
9188957
3721486
3037064
4918470
969389
2375464
4915862
7991103
6064301
617454
1811788
9184007
8001
3455156
7794429
3523112
3446839
8999216
82367
2098151
3145009
4590354
9669126
2615251
1162319
9386706
7024436
897809
2191773
3215768
4125918
1380730
9453606
9679334
8815553
2939348
4571150
3731415
3446803
635452
6865221
5258591
9819459
6873222
8713748
130240
2912687
2160587
9129457
5511406
4258738
4790818
101761
6444216
7406069
3780432
8347274
4430505
7194593
539047
162626
1320512
4436130
9616232
3516198
5768035
2555580
8087349
9499450
6002383
8722801
8881023
1260975
1058612
8270597
9974723
1188852
1183284
2135310
2834661
6694691
8910401
7625479
9312804
7870969
5031549
3093236
6218244
1978406
287829
9273643
2141032
4124693
3709773
1757265
7640892
9477808
4312845
8244593
1493610
315229
6967394
374633
1576204
8026006
1161583
4067279
9214858
2344867
6202589
4565872
1555910
7629342
2191351
868714
5500312
9739252
6478302
4234908
1717659
9282484
3508551
3858691
3407177
9734677
8132308
3564421
9212485
2445154
1809014
3222448
5276735
1292760
6113433
6852939
9318766
7275016
3436570
1049977
2136236
2155511
5615849
3692146
9784854
323552
4560861
7801518
62805
3555515
2036426
1780464
2837999
8061329
8155507
6245177
7796006
6287816
2325950
9524844
1249322
6651317
2747292
6526057
7944077
1377077
5895348
9779196
1168446
9331918
3345525
3304682
4003781
1477726
6996828
3788635
1801278
4074041
4106505
4380435
7629557
8659283
6160899
467556
6720613
6832759
9229085
7032971
5636927
4071388
6557815
9402601
3239057
1821459
8445010
3699486
3198537
6856710
3478682
4366983
6188628
9340559
188017
192409
818285
7184845
6497397
5135916
3775239
3120254
9516351
3921148
1779538
8193603
6905056
1016503
7542714
8650494
8049474
3179641
2721882
4607290
2582242
5960939
6428749
3543604
2176777
2143638
400314
5655460
9026973
9105294
7512371
9214990
1814055
8330657
8916188
8311452
5982925
2691427
3948059
5499276
9128927
8243949
3692879
6033983
9260452
1235593
4684477
9826278
6931586
7406359
4433568
2030180
5883650
3378670
5573784
8060428
8038660
5974098
6232240
7065634
5079392
3744611
6280624
6893448
4591620
5196812
7721252
574545
404591
1669311
8590174
9533518
9913260
2283053
5567502
1690064
6034999
2768331
1516343
2966585
2691043
8466263
7513118
8574693
4361285
3086902
9151473
2399946
1577353
7900065
9465580
6656745
4161029
8262556
6066545
1269001
3459369
3787798
1843547
6380312
7973461
2950073
5913831
7886722
7749478
3997685
2093138
3784477
6766016
3609481
9267415
9457059
2075745
6780533
548105
6437030
2383787
2215930
1353328
3961140
115996
818908
617886
4277025
9081465
6684431
8062378
5057186
2988581
2422277
1437498
962043
5372350
9867681
1365117
3121829
6381718
5974607
6906306
3147735
9584089
8690073
5121146
4176186
5470606
5669251
3129568
7854394
7885182
4482897
1815534
517530
7818157
4949772
7310907
6899622
4150556
5373285
4473160
7139137
7795563
8427011
617532
3167913
811044
4499001
6289742
7192763
473609
5712401
2856850
2574050
4402474
7977996
6750236
2389433
3647248
2396156
243827
4048782
6879053
4575713
4566312
4697211
9525486
1877219
4113185
6192394
7250504
1102698
5847883
5046067
9529709
8981768
8213981
340753
3480769
7020075
49868
6470730
2732476
2906718
1561132
9651303
884715
8311368
2040736
7048315
707525
2284563
3613449
102930
9376628
8179761
4800141
1418466
2573332
1429679
7610860
9823836
2532377
3458744
7386256
2062086
4956864
8116589
4919191
8437633
5136664
4969060
7424716
385493
392130
8985848
36796
1276845
9813569
2077532
841512
3037446
6878447
4454961
3140376
6255075
5151074
456870
7673542
7724406
1886549
7800754
64595
4418926
3775850
7450851
6481012
8732714
8083792
3916555
9686700
5736808
1401967
9627768
6122301
1794098
8613616
6159097
5587295
943537
752981
6428808
3980983
7631428
3400121
9637712
6402856
8551196
94582
6592750
6275602
1981131
4393504
8856549
6400057
685707
6307400
5397421
9418421
4391192
1830328
1621473
2644353
3232296
1249241
8766654
5026394
2379210
7442104
3130041
3322747
8195085
2075201
9820083
8342866
5475323
9457795
7262074
6542871
9552377
3854824
5334825
4049860
764680
4191375
2966269
1450387
498775
8363690
3385161
7406320
2710370
5006634
50673
5942666
8772228
1333679
3485412
1151438
8775783
6615454
6990537
9487221
1207007
6810620
346439
6682330
8784767
7608513
3225201
853496
1463337
1076379
4903356
2228017
5267754
385977
6194757
8282881
1266019
9579918
8205553
3976390
7102904
772578
9919056
8391484
2106258
5920821
2059274
3398393
5052627
9049812
5401966
6259634
8376784
5748405
2941965
9677904
5873270
8683518
531400
7336607
9759897
7951109
2080977
7544003
8337086
792086
5826885
9603106
2888356
4032438
3579496
2507612
4805017
6014904
899097
9427627
1935725
2958371
2826020
6988352
4524535
744339
3247987
2901320
6492744
8706304
2579224
2366015
9906174
5626976
2218974
2182424
3578085
6816303
9726427
4431524
7608389
5553312
4034630
496745
2102103
130478
3004358
6907120
6145382
6419807
8851099
597460
9378178
4193471
7585812
3902714
4937810
3350151
9320386
3946907
4572807
4415962
8829274
4478982
42938
1048248
6661406
6137376
380904
6387833
568900
7989293
4457498
4603530
1002391
6559601
4734008
6523101
5983073
3395742
2942908
4834172
3993202
2321086
9027643
1579015
8740152
3965454
7445518
8060538
428713
2018326
2476500
9257987
6497308
2519439
306235
5675066
8656815
687139
4579251
1742067
1192785
9036749
6345597
4711528
8112702
3595957
1234629
4095775
6991699
4177537
8929947
984902
9014975
473943
5080269
271480
6955749
2525787
8332018
7384462
4544113
808519
6642449
3557773
5844310
9465036
1749191
7017477
2668528
6328443
8759544
3861313
7881544
7621493
8572841
5994247
1217450
2323822
90022
8209149
9017711
1536322
9194051
549038
4526617
4274320
820518
1482366
6800108
9152537
8866828
3860573
2477408
8025629
9934699
838070
7490665
1683890
371899
159193
8012333
1647795
6536858
5893878
9269288
5109699
4404477
486738
9949873
4494499
1212239
8967584
8547173
406291
9516623
3073790
7196963
2853493
7072508
6513423
2006030
8455688
2890349
6999790
6481317
2825048
354212
3971983
4508938
726111
4131176
5037624
2373906
668035
3447854
1643194
8294086
7852331
4646284
8243960
4863182
5858524
9727896
3410356
8781167
1760871
9000498
5978130
4614365
8589359
5007906
9136747
7045047
7898255
8652890
3526365
3239655
9007102
7498348
264945
9733214
4145876
5302569
4623472
7330263
8750423
6266667
5624350
9119106
3429303
6384662
3982289
9287827
8628910
9908997
8068994
2906134
1425847
6563477
7520499
15206
4087735
9173598
7060254
1985990
7826488
586619
7741997
9349943
601319
8006942
9083157
4747195
3309512
3706629
2077459
4576287
2489648
218161
6211746
5918952
6602823
194035
7723131
7748085
2619384
8308478
654219
4045231
4871955
691070
4060438
1476042
2381021
1120692
5978384
2723861
4223663
3720381
2073804
4824982
1727323
3673313
9572177
7553187
7379943
4165988
4645827
2385943
4384149
857573
8304895
3503324
3567960
8544379
3767762
6187344
6852857
4421981
232575
4241164
7629404
4293013
5717206
10425
7930057
1695590
2734286
2153720
7932323
4808091
6978702
9659646
8481404
9067232
9729186
8377699
3233220
6891365
763643
133722
7748938
1584890
3637046
3833250
2645621
7404808
20594
9498478
4343142
2769521
3739642
1972546
9578887
9456848
4499323
25296
3668790
7233609
2179017
1601113
4558052
1674071
3777112
3039457
741303
3506298
3933508
6490876
397663
7213503
6624598
662953
1314746
2777996
7012555
3960367
2699157
9549501
3458846
9558651
2319022
7198488
1531197
4414261
9171689
6030520
4439558
2840479
5780481
9134927
6957945
338534
808998
735057
5894343
4066654
4241355
9827851
557530
7155370
7041355
9698480
334675
872453
4992828
7347230
4832820
7691985
6896731
8291666
9766988
1732105
8006507
3814537
6146367
9694548
9845057
3102277
2535027
8141891
2237204
2009324
8480425
3046202
2744381
4374768
9629208
9502088
6718971
186738
6657458
6276678
2401570
9508485
7149131
7394399
6855715
1981952
7602736
6268798
2789970
7369725
8000904
796477
1184262
6663623
491025
3545672
2282252
5542405
1687563
4519456
7551729
2684340
82010
296111
9575460
9711219
2314551
6294431
2414309
8972010
2571110
4815880
996847
9720241
2210279
7852563
1702193
9813015
6637713
4492164
7182740
7154969
7804993
883355
3818592
812371
4429027
6100844
8871128
6116590
3136652
6422857
1317282
3218663
9235320
892742
5446234
1549872
7187173
7860543
3038234
2274635
2676423
4035081
1994877
4886702
4403996
6213422
7216070
1041710
3221938
6915162
8196679
3543284
7798517
4531624
4355655
2227544
3148820
3226783
860486
6285473
2165992
2177768
9504136
3917665
5586862
4950370
5467537
2774036
5327265
1022123
5048671
8003689
5057204
9559900
5406743
1977553
5773323
5139165
5535615
1511613
2054328
3732294
5054897
2369197
780270
9410552
7113094
3929091
5153687
489932
214564
7319680
2667701
2235052
1237345
770915
9701774
9221234
3544951
5029039
243357
1109975
5549080
7816913
669875
955824
2310818
8959550
8611341
7846433
471164
665669
4095080
8042413
5551219
4875350
7452966
2664313
8804441
5123005
3154245
1535357
2442685
8338298
6286761
6196382
9109214
5988535
5417616
5170517
3533927
8177325
8796844
9083007
8510591
1983072
2555183
821409
942622
1166525
8667843
3930138
4348546
5279275
1972552
9899765
154625
1941870
5080430
1475419
7064875
751028
3010776
2023913
1605678
9297538
736647
714892
7802425
6154264
8401762
3852704
6847941
7198606
5452064
7874884
9181678
8007247
8696294
2640653
1690124
9880489
9087143
8555023
5159764
3576047
8454788
7830741
5517917
6051571
9306160
5099145
6802599
2316937
9639410
8408277
4130827
376057
1639522
1933252
9046673
2557636
5785957
5894615
9756242
1238021
3769499
1454273
1761620
4982145
6611278
5968097
7378986
5698421
4523120
2538750
9274469
5494260
369492
7308738
1545831
2192004
4924235
864782
4508941
4563645
1789412
8639768
7456055
3428934
3089373
6502728
8502922
1391682
2397343
775516
5146055
8683195
2229789
6907675
6181692
1357419
2875772
3560679
7055841
9915244
8615781
8846662
5409505
1501625
8671752
9471688
3693630
6112340
336471
8202571
675985
2125883
9358692
8132040
8071169
2448065
4634769
6574091
6356099
9548464
7349607
1502154
748011
9579397
926181
6929704
3453168
6318306
3006735
3025361
6233550
1622516
1872023
1643055
3124142
3060128
1114744
6817772
9172468
3967567
7536695
2364805
6093450
6895387
3013198
4164619
1859804
164319
738710
8215903
9712783
8088317
2234409
2977147
184066
3160591
2423203
3637235
9478897
5429938
6662596
5712447
7052454
1050972
9871855
176596
6627452
3502951
9510720
5799920
7470518
7047416
8164725
6080320
6459155
1177923
244939
8318960
1342242
3500001
9051215
3571378
4104670
1285625
9064877
4288737
4446216
1488080
442324
3925113
6918018
9621272
2153912
6486824
3188596
4542119
9179773
9816048
8045070
8690493
8132320
8031940
8254261
6297046
4112260
4713417
9991321
4357199
3032377
3849916
373552
4599944
9937646
4478223
5885569
9002523
1283312
2848137
490603
4241988
9289602
9924973
3863260
3959867
6411797
9568209
8501986
5591570
9384257
6547057
6798416
32930
4578997
5052677
6329976
8691258
9766094
8837649
5564809
5314823
2687565
8454714
9914768
5141563
2932937
8316689
4144086
4216249
3681179
7151041
8458237
2970781
7076014
4837849
6930648
6004164
6922410
5432635
4112086
8823020
4496044
910502
8855950
1591393
5963180
5185926
2799003
8245626
6539927
8363813
3560450
1743845
6818527
5991570
6885408
2267816
6824611
1029495
9000417
505790
696888
9975006
5992924
7772903
7329207
5439924
6293419
4251618
3388911
405505
3074638
7884955
3832360
1930588
1992701
9795540
9632866
4791704
8041166
6172793
5671869
4117968
7916638
5006748
109538
7318399
7274564
9450502
864246
6274981
9956292
1561134
8766339
8465568
1850389
6095547
3905493
8143808
347165
7294404
1065666
3421803
7695712
4898026
5352391
9688413
7209918
4985257
4480117
5251084
3674402
2668339
1885405
1591041
7675087
4511295
1425792
4949652
3961797
2290038
3740985
6434442
3851172
2507325
4900010
5701562
8602872
1321855
6361722
1466389
1132612
7427388
4888192
8828324
2325414
2756935
1033089
2051684
7742192
8029558
9819121
1416594
697897
1704526
5523987
8372985
6215821
9466131
5838989
2693971
1756169
2096326
9128413
8123694
7120003
6544775
6341608
8239227
7866631
2703330
9705616
8999243
2647071
7110160
343919
7488837
9867095
1377008
9540522
7609287
1922918
9359643
1542234
2620816
1064169
9582573
3510153
9796342
9048705
9349142
5006665
3321226
3961820
6651430
1444920
1081824
3196206
7786528
9321051
3579189
3006211
1543020
5094784
5653282
8653180
5438703
3142119
8520276
9332063
2682641
8645915
1254981
4558636
188149
6392149
8139157
2287075
9902302
7935500
3852132
9251444
5458517
7173358
3213265
2109948
8618279
6811441
5306154
8921159
6132492
1401695
1927370
7675512
6496479
7580652
8845045
4451534
3239124
7365321
6299949
8438117
6011236
71282
2996754
8715738
6463432
1135911
1002813
6365734
1587763
4854945
8133531
7046281
2028303
3863148
9156229
3162934
674589
6978735
2084094
9323433
8380430
4011464
9515298
7393261
4108469
8360343
1844795
7347593
5725664
8144744
5785710
4253252
8216026
8782464
2968990
7195810
2434728
3971803
3561545
4022491
1343100
4211428
3585124
5887756
8074576
2741353
9050690
1265517
2236440
1134784
3105302
616870
7662601
2620600
8010131
1771070
3497295
2371278
9118663
1739311
516022
4904373
5992564
1248401
6203190
8961554
960563
1154270
5449710
7038460
7693113
9309162
1249888
1278238
5196918
1840816
6535943
4247609
3106333
8772384
7898745
8727988
9389254
5561346
3864940
9915738
9848768
7362236
2287016
8967431
1617899
5319391
6388157
7610463
9084144
5107699
9088370
44707
6261969
7054432
7083168
3955082
6363594
849408
7749672
4076865
2690225
4285616
840826
8312910
3058000
1255923
7040898
4963606
6817270
905839
4879344
9182390
784427
9682713
8149822
2402326
7518456
4537979
2529142
6602600
2162030
4133864
9163659
8423999
1188296
8763179
4895433
68242
9612588
2645106
6661459
2302813
6930722
7502285
3132075
9988722
8758209
172974
7468680
8091831
3595165
4864377
7274221
6895944
7063442
7940395
1814622
4581898
2478374
4343764
3700850
7156756
993980
2864509
5580755
4698628
1627689
476189
4766871
3756629
3121295
3944682
6059442
52017
1446968
1707869
2557091
2721529
1880843
2542123
813360
7992360
7406500
603933
4888304
4469942
8544329
9219279
1568192
3539055
3563043
5269042
695812
7073376
8133552
6276567
1772004
2277593
9269108
9055227
6034222
2390403
2999910
4610016
4958772
6963230
6317885
32215
9684759
715081
2574339
3014471
1223793
2497191
3618404
8628450
9483486
2162733
7847729
1051678
8218141
3927124
8837073
8913953
1000500
9486977
7706872
2772505
1764570
6975981
4344084
315144
1882736
7343994
7441512
9357861
6823576
6275749
1906428
6508335
9507182
6997119
9522806
730976
9494311
5657563
9359426
1494149
336648
9723507
5062179
8554789
3650631
3899252
7468742
4651132
3386229
7691967
9939989
7667151
4667948
6800425
7982295
9067036
6660772
7940159
941249
3484348
6732261
2847678
2509036
6239443
9844797
2031842
9486771
1855460
205757
1362549
3349609
542406
1086056
928141
9097195
7253040
4827393
9082290
1904172
8213623
6774257
4360513
8397126
3958557
1160938
8895774
5541945
338062
6835933
6483195
3822411
3568194
9330873
6331447
2323990
1692022
879641
1810761
3547483
1085399
5689663
9413444
4144157
6775719
341585
5757704
4028759
7685331
4839994
8449283
8415306
4130603
5326148
6812432
605512
9003439
5708206
6147458
9341501
5060492
2630653
5680264
1145038
4477878
2011711
3469028
6169900
5407705
7796142
2233735
9009456
6002157
1647180
5669965
5294228
4505117
1427669
9322988
4706800
8784016
288623
3122106
5430971
8131124
9934539
6036484
9650915
8159097
4700294
8992416
3219589
9847299
7189033
4364628
4325177
1717096
350008
3011429
7124801
662502
5245165
8650609
6664659
9408697
4320574
1958888
3913814
5748244
3798228
8620615
4532260
6603203
4259073
9963231
4734327
6709964
8516067
4385242
4869062
3216361
5894011
605003
3063660
3083044
7485983
9905189
4800140
7835992
2916619
4441294
1014846
8161784
3091903
7679506
7570481
7412478
2154746
4000647
5677074
5952974
5137614
2725686
5072529
9396688
5205269
9806857
6106652
3721337
6708451
3492066
9454050
5118814
4097070
5034063
718210
1583053
4939252
8034703
1935397
7855871
2475997
2950244
8534007
8084252
3146102
8620840
5496730
5300848
5137840
3690156
3770174
275454
6415842
8842703
2188494
4137464
1165912
811499
7858801
390716
4303565
9829203
5509530
916987
4863266
8744093
2500041
9802519
6778796
6951790
174742
9254793
9902034
8708750
7339045
5564488
9845942
5352128
865336
4983782
1558636
7151862
7775589
7974479
5994566
9964083
2111943
9676830
775582
2487096
67546
7595500
2316299
8093429
8512487
9695918
6837522
1012528
9498437
3616318
480671
2189531
5387463
382705
3414633
2726508
8463546
3260576
594988
9328882
8244358
2153625
6480745
6019947
2644456
4991663
8500383
7272751
4668493
1792317
9759847
4736040
9387817
4592498
5345821
7900305
4288416
2183343
1429185
6303205
5799661
1909856
8492737
1187124
4808914
4423722
6429984
3272460
7684298
9541325
5117694
8445009
4211302
4114791
6981308
6855758
9106454
5481691
4128509
6291300
7274009
6404708
3543692
6661826
3513558
8889513
7078483
318327
1072856
8507669
6621532
9388869
2933877
7630621
3092345
7742791
4570696
2038681
3531603
2254994
1580006
8649298
700003
5791308
5280441
7681312
5163418
4386896
5679355
9291927
3194548
2953364
8212987
6738240
2131543
1726546
5627753
9210026
2044873
6700609
234047
1182757
8605830
5684277
1329731
1698175
3427068
5900427
6253208
9475024
671773
7833215
640674
3888129
6140875
5921115
4085793
1304294
2824363
9765148
3112573
6018911
5234865
3841913
2757151
9882760
8084811
8384904
9092786
129684
7601865
1843186
3828793
6207695
7527463
7674876
422222
3470883
6091655
6675431
5462259
6763429
7024998
6102933
651558
3165873
2024049
4737351
6986519
4848412
7018851
2615445
3383676
2253716
6457358
6140827
2136476
4542169
7042084
3745615
7188205
4643949
8105153
3533350
3367997
5632616
1208227
3790219
1619851
9816234
2982002
7082111
6579663
7000
5701396
9747573
5689226
7725445
7001276
5192097
5090210
4020128
7807542
990238
6273844
4264900
7131065
926673
1323421
4173149
4672288
8511626
1333451
2777441
2044977
4701448
926409
5769556
1008019
5062612
5585790
6506374
2144723
4681806
9029726
7846120
6945731
7235304
8087917
3947008
2427402
5694479
7967136
234944
6684717
6757332
7016197
6332135
7684005
8339618
3021636
2356293
6851245
4355087
7650086
1412574
1572887
8576495
9698482
5097259
3639108
7800624
4119985
8300183
2482430
3149711
8662655
9428162
385016
9266925
3375170
2812418
4961404
3858658
5563714
4162474
615990
2579911
494609
8299996
919530
3516245
3172641
287127
387685
3339080
1699701
1960572
1915575
3914535
9574183
8071035
1715159
3694168
8887571
4197590
6843880
66578
6142104
9745248
9333503
2033626
5074018
4294908
5892284
637732
973734
9024626
3217644
1468343
7324622
4137174
7500940
3013616
6940653
7888625
6352696
1156706
2365550
784623
5071241
1939733
1372011
6786400
8150254
259582
3500342
7510486
326160
9642446
7255734
2176016
1676072
2329752
6470924
84708
2967484
7444658
9109335
8701480
1429353
8950309
2838654
8930293
1963925
2295659
9335271
8316621
3452365
1700821
1617597
8523606
6156906
2989608
5310007
4307160
5765542
1326701
1817646
8608054
969148
9073380
784070
5161572
3919484
9771346
7762633
9403321
9732356
6871968
8104801
1161709
5822277
3459808
2608355
302555
5755467
1943626
1135528
9207833
3644447
2753125
7731439
9801353
8259085
5557798
6624866
4024627
9400852
8442512
5149034
370000
32245
5933104
8047924
3951729
8220803
5810557
3355050
7953159
5198877
1459852
1631221
3537507
4919660
4239576
3840062
675127
8699554
7491942
2399312
4860353
2761420
2647104
7178058
1020505
721254
3802924
7561485
122106
2245437
2710519
3008458
4794034
1159975
1056383
8745763
1897130
9383292
4617166
9850290
7098522
8593370
3997863
636029
3513030
753791
6992443
6704509
9453345
7000737
1620174
4313698
9762157
4267278
4008108
782663
4988532
7811033
860500
7626991
2572822
6087371
635449
7366856
9763698
4208184
8628971
1660829
6107829
3246137
4027471
3206351
1839507
8025334
3842380
7868889
8779125
3351175
7089751
748822
351912
8709925
5062520
114070
5493555
9070628
3413085
2998439
9398013
6789937
625430
1970835
2877308
1260880
1854043
2641006
7985416
483015
6818187
4093245
6245504
845658
7299596
601364
1387344
3658328
8470253
166469
9525855
8076356
3431643
9877768
9302633
8494163
2508190
4796188
81144
8437627
7794628
9479157
5227564
936410
3966345
621224
4713642
5820388
3262230
2699059
8819755
2596770
6792304
5065260
5958780
6608253
5666624
7346125
2782933
6653229
28946
2308789
4729586
3460590
2186557
4032219
4471105
7211099
1344760
4552249
5648726
1655740
6547759
876290
2592150
3030456
1497514
7305793
1367196
7276096
2521204
186952
9872866
1829860
7768564
5831647
8438113
5951540
5694124
1221047
2604769
5723070
6046188
9850707
1700012
8232745
6399279
6171118
5443844
260391
3239719
3608922
1916131
2303830
4485212
4508281
5334286
8499078
4330426
9217835
5775174
6851630
1921139
8164393
8681491
9689703
6512392
9635956
8157595
2206516
3373355
3278716
445938
9419543
5645776
4662303
168640
2045055
833421
8128836
2305446
6589492
1737758
6737929
8893323
8739322
3762562
6743961
7238400
8092989
5961796
3013575
7460971
7882935
3694320
8658814
88990
206712
8294771
8246585
4929580
4184478
1525302
7891870
3604022
7171078
2554173
6289014
1732485
5903946
4417851
6554283
2493439
8671961
3292212
3903114
7411284
7054774
647075
4649684
7664115
6608872
179611
5125087
7008159
6390283
3783901
7097150
9113347
4595024
5343735
4042927
8779503
6869037
4451150
4899877
6556467
9521675
1188891
8288952
5425622
8123094
4843235
7919061
6795056
651799
4338527
4206340
7706574
4985602
1372376
5370689
4110826
4068340
3012128
1118986
458623
6796030
8216136
2088323
3907406
3559871
8647602
2686909
2945261
3098752
7586786
2018080
2620428
8775678
307033
8046050
6898772
7666620
8481463
6210180
834772
2819990
416520
1057698
321944
4305249
6428387
4432771
889941
1956868
5551757
3864916
1269250
3767893
5953239
5176656
9844116
4600842
7863566
2789377
215946
7966704
4807458
2836374
6742382
7630843
3398776
6157507
7813815
4396591
2367687
8648587
7216581
5300560
9706285
54878
2122161
8651025
4487649
3012102
3124245
39406
9393370
4393495
6323651
5346610
9570151
6167767
2463804
9950069
8957145
2679750
7916774
6280955
5516125
7175508
6428150
1431253
5849367
6758317
5827845
733407
5406905
5560778
8550319
7629542
5615656
3188832
8796919
103305
8717286
1921164
2659063
8110656
8831011
8982714
5973618
917515
7666834
8437422
3383936
9140331
1117173
3817062
5421286
9149650
3508923
4365788
580903
9358290
1124105
8925100
2608049
9047362
4485879
3674720
6676905
2617887
6863552
7990176
5237545
5580838
2427693
7896608
6207847
3775056
9395675
2181465
4692571
7062509
618888
8076508
6202840
4252413
4409922
4140478
5918415
7918845
8506266
6499318
9793488
9630371
7940771
2401537
8677734
2426650
6076258
7870991
5044537
5456162
5861167
282082
1037001
805212
695043
7244848
4580269
2607070
1942665
1789192
9669579
2561553
2382052
8388771
9330318
6791975
2529249
5248733
4710820
1035515
4264404
4504308
3182238
2205175
9422198
4376324
7148177
8014808
2247315
4709066
3470970
624835
7507501
7024323
1430047
718896
6785523
8526668
3325966
1244541
315861
2995545
6322446
2697913
3900668
5652765
2006240
6429917
3417850
6717061
9981784
7682254
3737721
5680374
2403781
3159919
56699
9551958
3691079
2304014
6777377
9678402
5445201
6801230
9219077
9391601
7520126
6004601
7918269
846092
7249142
750482
6357989
6087940
5964748
258657
1740705
7970988
6688574
5158556
7204401
9186710
5357162
942123
4867084
7760944
6618394
4923783
9829254
309474
9744150
9122983
9987876
5189351
5924213
9206953
4580952
3444339
7727906
2499222
4290431
7493400
5766056
648420
3581341
1730804
907077
7838398
2218145
112003
2996954
9422546
1815065
870469
364669
6682150
8631413
6983064
1605933
977019
9808890
3866435
100003
2313118
9055787
6024216
4036423
3636739
9468556
1764330
8652313
6275339
1774082
4418370
9440112
7871775
8665526
2863541
5710174
883671
2975545
1223480
306218
4790610
2093949
3187239
3989112
3241714
2686655
8111398
4218734
2495545
1977833
6835089
4808663
1033620
2859305
8845087
4670360
4844213
3125769
3322673
3635905
7416203
257395
3076017
5287979
8922922
5939558
998153
9806593
1431455
4737985
2629163
6222066
6831935
5816403
211178
2590001
8503058
8322576
6808735
3514956
2816762
6160176
8323619
3850382
1535834
9685058
8520742
6380047
2810827
4359768
15952
2743383
7133515
5608321
8031362
6056437
1547880
1545867
8379383
2979335
6283852
3524898
1717753
5632139
9341301
4445284
8222141
360712
5284212
7547228
3875668
8100974
6223757
4715639
1951357
7759591
4400698
2988451
4139638
9727877
9864571
6671943
2471260
6998087
4796616
502622
5570876
6344496
4564841
6466611
1840184
848694
9991510
6074289
8997185
1849163
519573
9735678
2209875
5803786
9799259
8601895
6421112
6023016
3317535
888821
3782607
7718233
3877273
438597
9962462
6258196
9626892
2433723
3256283
4423509
5452697
1343512
3284357
17539
7810123
5124541
3382585
317985
1198831
2379770
2167149
4234756
4631801
4377024
2554894
4431060
2978920
8976007
454076
8812807
9864828
6753035
6531040
6258453
7191632
6493502
2516650
6818525
1443577
8289285
1242034
6896275
9632797
7042743
6913814
9959273
2167285
296399
277258
5882468
5192521
2444407
117224
9824322
9337784
2672119
6771734
4833056
4164478
7225810
3645863
4029306
6495197
2693255
287760
3686830
1703109
5320762
3021707
3146687
6126399
6780093
42962
8275549
3822836
9473128
8234822
8506473
2285879
1028432
4388941
9994752
5989192
7022518
9819075
7843328
9694637
9107161
2676384
3859115
8849324
8838599
404773
5344521
1531854
3208885
9031351
3234963
8529647
4569410
6381650
4656047
1349503
8940964
5447948
5172340
8414092
3682770
6195165
3216323
7227554
584107
3211076
3216746
7606625
5546503
1060074
9817614
4653664
6252810
3676729
3502988
5091409
6597854
8847510
9139615
9806740
395213
2374579
852739
7480976
1272581
8025138
8830479
213546
3473086
6519171
1143990
9672208
2714337
4360314
6899763
5814796
87742
2632861
3421421
5634245
6209288
3239035
287909
2462098
9432116
6307250
69860
6029970
7671112
9209475
8353062
8066325
1584054
9205802
5547301
5372988
7230940
6894133
8102886
704027
3413304
1763228
2892587
8643993
8639894
9792350
4458789
8727636
2425212
7880210
4361881
8634500
3635597
7166143
3612950
5584065
3473393
3682810
4130388
1144505
2892286
2483450
1727182
6992692
4205604
9790836
2365680
1436545
9201321
2984918
4656924
5130977
4748147
7549511
3774971
3388041
9858214
8233760
2115678
4799778
8630323
8993911
3434278
4782272
8676406
9563580
366338
2149799
3246391
7013078
5810656
6138677
2012880
54191
3131369
6218485
2361379
8013402
171382
1562700
998320
7344658
6693677
8262819
4894169
468648
1650861
7268735
1218761
6282891
2068513
9849084
7793154
8019143
7147708
6469561
7582724
30398
1135712
829115
7043476
6946369
9484144
1572709
9516912
5131865
7791194
1878291
5661619
478928
5957343
6659940
7823586
2651020
4922759
5234107
5636021
9089972
2502843
9371134
7889215
4571356
1736570
5682370
2590500
8884278
2151931
2689576
8914677
3287643
3518691
8474505
2750364
5519187
47214
4783628
651052
354760
9178271
6312672
833688
5135614
5488964
8657274
302987
2928075
6407734
8455360
2018048
8910577
7826494
9907263
5998285
9563064
8105985
8588785
8447342
257916
3794713
9878371
6061912
7313404
8352877
1328628
2832591
8400091
6112257
5999996
1271204
7806880
2312668
2104892
2942495
7801632
3278519
5761834
729707
9686253
4217194
5264107
1113182
2043688
7687723
7111467
1606752
5793708
8216605
54094
8567977
2011318
9932466
7146241
1841075
801695
8474869
7190018
1718138
7103478
3190014
2989342
4910359
5502682
7610587
369206
5820666
889106
6131040
9066726
3091711
348234
6847185
6721245
2391922
4534908
6349064
6515026
2844969
4565669
9085472
1412946
9093340
1534290
8559187
934415
2335985
9550408
640785
4054124
9170239
3830800
7043466
4080598
1849834
4654053
6966156
186853
8059511
3097196
9253579
3667574
5961782
8617116
2905171
870056
3152025
9254236
7385082
8513346
6336257
8986906
9926292
5429597
521197
1001831
8880364
2857182
552239
9521150
9427658
2238830
3351950
6471125
6319428
7718136
3641530
5801936
7904989
4217394
8899132
9674920
401320
7377266
8292037
3306492
8247322
1444062
5077080
8148756
9957408
1413337
7135663
2400052
6842935
173212
5918235
8239651
3030394
8986826
7760801
2458053
1225657
3629103
1445530
61437
1347240
7603412
5863374
9252229
4337158
4762506
8927150
4738479
4656125
7219187
561323
5419799
1179601
8154755
6084908
3653361
9568092
5736923
8569765
8927379
5910135
4488000
7167031
1456881
3474826
7444184
6431286
4700483
1073288
7876816
4761921
4936880
7996581
3141647
6705461
2333739
7904153
8148963
9588570
5076630
7884502
2666245
496430
9064103
821000
6581338
5233816
389093
4834613
3803581
1832824
744748
807933
8999855
2201629
6799112
8960392
8632916
4015947
2550032
9026084
1294220
7486912
7022665
4435867
4192373
1872757
4856373
4857689
1461327
9933003
2742191
4127573
2945785
4322647
4948573
2043475
9556463
7854018
6878088
5876397
9686843
7622836
9200682
1203050
2340818
5999794
163442
3490086
15742
5229826
5032522
1309962
2716738
2055188
5745830
9425464
3927945
602203
4283153
7905624
535206
9541696
2033197
3480992
3864343
9498123
8040819
5937159
7352141
4918908
1813556
9555336
5058096
1014238
758387
9915266
9530385
3438181
5921704
9546127
1184360
954227
856089
3901098
3009415
6601919
5842914
9453712
9720474
2642419
9875688
255681
2184116
1908886
6253025
8564811
3923361
4293844
4501970
3791854
1729104
8831878
3347191
9303553
2362469
6621930
9218819
1892854
2576463
5140524
1438981
3760823
6094751
2295070
178274
1620518
1413342
8537540
3590582
1133816
1179960
3466270
3905849
5880428
7891508
2675226
4445239
1814869
9485423
1463562
5606724
1214527
295440
1470267
518080
2657909
608549
9736900
4550763
3185012
7393776
8506096
9462188
3488527
3317519
9640462
7625397
4730861
8178002
1215979
8381029
1874314
7198601
2286879
7754742
5090110
7478457
4716334
9421331
6963880
6179896
7544407
8178408
6475336
1531026
1212840
1649598
2139575
3466092
8716713
7840940
859868
7222810
7303128
6864747
3056681
9459942
4490144
303894
154296
8222475
8684923
2028611
7937429
3488154
2299705
5543891
966612
9532391
4965222
7930492
5712287
5025982
8625252
4703976
6557008
9838093
8869926
8696584
5820537
7586639
9053876
6680406
7325801
6357004
6061505
382482
8333298
3068002
686376
8487594
3806829
1887652
3032557
1744258
5375806
5332263
7288149
8858770
4864654
4769724
6789263
3093294
9795706
7930867
7797270
6352714
285312
6667196
7565650
6105850
6770187
6619526
5302608
4095989
5492882
3880465
6994823
3826180
6948467
7681200
2313775
3271649
2085204
7862684
5015907
7461010
3194947
4820409
6319781
575954
9590133
5625396
3669248
1902191
6072615
3982870
8254905
6357928
3166418
8336908
4980130
9936605
7472786
2799090
6548946
2965669
6679555
3543770
6791849
3628023
3741322
1621976
6899672
5826526
9484661
4431931
5803888
5195960
9252340
4640021
8288266
1358825
265417
4473866
3261016
8854385
973088
4032274
7728665
4139506
2369182
2708795
6592464
2358320
5507885
5657762
5323989
2187440
9201532
4632191
8331815
5459206
8770519
7747839
1285732
771532
4696123
9605973
5967493
6464815
4245994
6772111
7823641
7027764
1245978
1084657
5882149
2219066
7633283
3610814
8874925
2518817
8835961
5467389
4877138
4343846
1125151
201127
9047638
2843036
7349670
7379454
818594
6120190
7643645
4620679
6891722
2339768
4226652
5375567
8804584
8472646
4664031
9144577
5500410
5910009
2745586
3898911
645427
378870
7509725
9520352
2897687
6345686
7504093
7774825
3205884
1145597
492305
2253523
6504985
7841975
2149329
7323579
6478517
9792974
1944258
5886592
4649095
8687262
3778511
3453679
7159909
8442542
2598256
5176671
6868903
5343842
9075583
30683
8239064
9101660
2067387
1136752
5447347
9571481
1427929
1169583
3233430
4436586
3423106
2254767
2278562
5572435
2094698
1273431
7881762
6555309
9676375
2530857
5242571
3454887
8500888
2402480
4413781
3615496
7579152
1282685
1475690
9171087
1313368
9714755
8272747
3380755
3367859
6236446
5468588
7312140
7406030
1218370
1748727
3345488
3473137
6543641
1434276
5567836
7817072
1832390
4639497
7493448
4363247
9882068
3464687
5380487
2284549
7878468
8995983
2380053
1677505
2988025
4067492
5507225
5219132
2340239
1404333
8586991
1093038
9389273
8415484
1015420
607644
164211
4360908
6597133
6707852
8311536
4681321
7041276
143926
9320818
7051076
4507173
9202887
3032115
2404012
4003788
3426936
3916347
8900193
5104441
6904373
2967685
3128019
2123505
7824276
4532352
3226849
8917314
3921625
1642333
9932734
7045621
4322896
6809995
3642755
3547100
5121531
840428
588376
5265458
161247
155805
2288983
1880486
3187920
4692996
5884274
6614856
8609343
7300819
4235650
5513716
268504
7363669
153574
8092780
4412373
5896775
9526447
850350
55460
9459181
7895972
4378356
6269176
4055079
7925456
3907060
7411859
1030184
9172518
7573106
3702341
1461501
1969944
6890262
6154497
370570
6021470
7280193
7671389
2773472
5310261
7939893
2653493
7980187
8549026
7065866
3876962
8075473
432569
3932422
51006
8328541
8310778
6320183
4899972
8752586
227243
2311831
9782771
1916113
2401290
3485112
3377614
4371234
2891726
2048464
4741805
1429549
1845009
4929546
6719373
7155270
2869440
9372867
5135458
3934818
8955085
9012420
2010291
9387654
5461195
2061297
232547
6288325
897832
5132519
5040912
3641427
9960703
7340035
5557540
4878345
3341499
1451507
1765931
8749578
3499971
9024088
179127
5344980
3953635
6898500
5016602
9339427
6271367
152060
3274245
5226453
1680833
5284536
7130459
7142028
9862185
7363007
3430353
760018
5011878
987617
4401445
4972581
8327652
2475338
9850926
1669152
3926845
1616858
2935082
9943168
3157298
3114209
5288148
7110933
2529061
2821102
6450360
1316781
2973163
9724605
9059586
7170348
7525493
6190045
6828728
7387679
3553052
2775433
664049
8564931
3763051
5065494
6053864
4607055
57184
8421143
8792559
3984029
2554353
1727641
3927197
5711651
4841850
1731697
2822585
9887264
4552800
1789297
1204045
42315
1513903
263631
9729015
1555748
8970028
6557743
8943427
5039433
9333176
9607476
3604364
5612579
7189323
2174580
219635
7246507
595723
9012194
3746889
3150076
739836
190438
8861728
8098038
1922136
4200665
7985302
8991288
5989962
1705699
1549955
20217
1969330
1278970
1575966
3455711
353065
3035745
8495144
9686241
5159574
4615860
5298821
4865249
6790440
8034808
2111756
7386164
7047002
8374997
3052592
303190
8565436
4430672
8401229
3003924
8631337
6386531
1995212
7137652
8092231
6061519
7157869
2577913
7340489
1250187
8549976
209906
4285933
7045120
9896147
9445507
4177332
7711320
4310756
967773
8262480
8938864
870289
5309483
9830214
6439233
5612673
8395650
869906
4013902
3915926
2017595
2916786
8427490
9155247
3525369
4489009
6313117
8619634
4345850
7563304
7169611
4555756
4365589
6731083
6968255
6327448
908416
7195928
638204
4392541
5458408
2093421
5262830
767891
1923635
1702063
8896917
2835637
5088321
5427171
6751563
7105917
860309
5179053
6261164
4385678
9668062
5090633
5521665
4013912
5170290
2691276
1086020
9535879
9422359
8054275
8379680
2847127
5250203
9017884
7239668
708612
3627657
5018850
3992855
5551292
9237266
5406124
8386929
4325587
833296
5138492
1431504
1693605
2833897
209021
8595636
2501959
7816006
4117301
9032223
2986296
6808577
2634595
5038528
8747288
688871
3418208
4110768
8455426
4952444
1350436
1680390
8580102
6369287
8189598
6647746
5606553
3595722
5034676
2448492
6945370
2689520
6396349
8638976
5523418
6605370
9750964
541729
4421376
3868265
2090305
9924025
3193194
4724900
7478905
4456834
5413771
3413465
8567602
6385550
8365909
2434391
582292
9462363
8803678
8771890
6110110
6926583
2367613
1144786
1891427
9312983
6350658
8287776
468311
4390428
7409498
219275
4932158
4347227
6603892
7022463
4271252
9797086
1747363
4266509
4253921
9677487
7679974
5337875
8579389
6045883
7772266
9161681
5508247
9092296
7933572
1618357
8535231
2817537
5279495
426659
4646872
1630153
8714435
5115184
6020582
8640286
7850811
3469092
2987513
4454704
491555
7258765
6768142
4755270
1525274
1022063
6949109
9205248
8876291
5528498
7767483
6648557
4690180
5792082
8257206
2623752
7410439
6792437
7957641
5206286
7219096
2604513
9352792
8449884
236049
7889726
7090170
8086861
1358818
77683
5057917
4366725
9852800
1826059
1638347
3894426
5364475
8587457
5616026
4240766
4115955
5899861
3405675
8806135
1691944
1662881
3946239
1618735
8455319
1903880
9341374
8190767
7024746
8694166
9157003
7260795
6583892
8763525
7864008
459062
1357560
2921925
7342139
3726712
7264337
8980486
7621138
2628812
7567943
5753516
9385930
4200251
1653378
5307957
5522738
5861674
6970839
9468978
9996761
7942510
3889210
9338135
6133277
3430308
8032301
7806633
691104
7132545
6570158
8555112
107959
7927719
3993390
7450098
1654431
1257727
8946937
1791922
6402891
9031232
7545438
8305173
3231483
1715168
3613130
8754222
93194
3100321
739552
89956
1042831
7145114
9428091
9692461
575423
9976745
7499094
3782879
9625642
4069252
2337991
9733602
4513323
8847733
9700052
6167755
2621812
8646989
476029
1541055
7678222
537819
9846228
3426057
4769340
5975711
4696631
4862534
9076032
5436183
7468842
118864
5097650
6896934
9811325
5673073
9390031
9826771
9455952
9015673
3896023
4310295
1265627
925699
5674381
965680
7093454
8296193
2129021
85835
9837249
2323595
623654
2199829
5749653
5392994
691892
446284
255529
9767925
8398820
7724371
2403141
3496470
7137657
2214466
1685895
9044040
4557589
3658199
8059714
8453612
484846
1841693
1895663
6159227
2807373
1505469
6971773
7452747
1591304
9325374
9776342
2214959
1525203
5525995
7607953
2217096
8488632
379834
4501373
6887452
8104206
6904514
2900274
7758215
1635332
7102521
6802256
6192921
760720
7378322
7162885
1245566
1736367
9058549
9921146
4543741
564018
6892919
1996488
2155323
6218293
4289182
4370282
259848
9815178
4494587
4993296
820162
4874422
9494669
223966
5494980
6399183
3124240
5769547
8034515
226761
5088155
6743788
3503833
2466477
3906674
4749399
6719197
2965223
4670545
1262938
3529241
1563464
5775778
8200916
298109
2581312
5087550
557958
2396490
9582138
5551254
5733004
4456560
5045924
5956970
2467892
3961459
1597562
8237439
4512327
1824323
3325595
1256115
7844508
8308424
5162789
5110260
5027621
644364
9780805
8806911
4173606
3860622
7099041
4890874
6675083
9680354
9978425
7233041
4593196
2076915
5300648
326201
9049827
2862924
8799523
1517719
6824383
397086
9755158
3853062
4737761
5597105
5109178
2582270
6421882
2788319
7692530
1449503
3432684
9989687
2772767
122642
6366661
9871808
5013516
3041745
2068514
7508293
2791138
6661711
9585208
8091786
9504264
8635035
954710
820139
2669106
295446
1217225
4940617
4148508
8471339
537722
1774038
1053609
6959604
7078710
1262491
925460
511394
3768530
6214579
3150388
135192
6086387
680256
5693289
671254
8188550
8484427
9849317
290110
9092566
9353581
1441498
47276
2690072
4110604
2859074
3907298
9051221
9523935
2378637
2105296
1297973
5948598
1581252
8376683
9727441
5023064
1404429
3495971
1237643
4554817
6147515
9840383
5235074
1840804
511637
5939976
2841584
360954
8746438
1934150
2230887
187936
4497778
4920959
4298541
7356853
1344609
5866114
6880788
3723246
487762
695113
2188196
2069015
9071797
1915637
7092079
2992578
7927961
8329723
7547396
4075476
8170106
5298822
5916281
1198095
3755150
1274217
1559049
2501588
3208367
3789936
2689525
222497
1227247
9504418
7579350
2571857
5370532
6976490
8811455
8374647
7671604
999652
443662
9259753
5431641
52093
2252331
3359602
898168
2316079
7435079
1584626
7614901
5867712
